4
157      # 51sec
0.0239  0.0001
0.0302  0.0003
0.0364  0.0010
0.0427  0.0025
0.0490  0.0062
0.0553  0.0141
0.0616  0.0299
0.0679  0.0590
0.0741  0.1082
0.0804  0.1844
0.0867  0.2921
0.0930  0.4303
0.0993  0.5892
0.1056  0.7500
0.1118  0.8876
0.1181  0.9765
0.1244  0.9987
0.1307  0.9495
0.1370  0.8392
0.1433  0.6895
0.1495  0.5267
0.1558  0.3740
0.1621  0.2469
0.1684  0.1515
0.1747  0.0864
0.1810  0.0458
0.1872  0.0226
0.1935  0.0104
0.1998  0.0044
0.2061  0.0017
0.2124  0.0006
0.2187  0.0002
0.2249  0.0001
0.2312  0.0000
0.2375  0.0000
0.2438  0.0000
0.2501  0.0000
0.2564  0.0000
0.2626  0.0000
0.2689  0.0000
0.2752  0.0000
0.2815  0.0000
0.2878  0.0000
0.2941  0.0000
0.3003  0.0000
0.3066  0.0000
0.3129  0.0000
0.3192  0.0000
0.3255  0.0000
0.3318  0.0000
0.3380  0.0000
0.3443  0.0000
0.3506  0.0000
0.3569  0.0000
0.3632  0.0000
0.3695  0.0000
0.3757  0.0000
0.3820  0.0000
0.3883  0.0000
0.3946  0.0000
0.4009  0.0000
0.4072  0.0000
0.4134  0.0000
0.4197  0.0000
0.4260  0.0000
0.4323  0.0000
0.4386  0.0000
0.4448  0.0000
0.4511  0.0000
0.4574  0.0000
0.4637  0.0000
0.4700  0.0000
0.4763  0.0000
0.4825  0.0000
0.4888  0.0000
0.4951  0.0000
0.5014  0.0000
0.5077  0.0000
0.5140  0.0000
0.5202  0.0000
0.5265  0.0000
0.5328  0.0000
0.5391  0.0000
0.5454  0.0000
0.5517  0.0000
0.5579  0.0000
0.5642  0.0000
0.5705  0.0000
0.5768  0.0000
0.5831  0.0000
0.5894  0.0000
0.5956  0.0000
0.6019  0.0000
0.6082  0.0000
0.6145  0.0000
0.6208  0.0000
0.6271  0.0000
0.6333  0.0000
0.6396  0.0000
0.6459  0.0000
0.6522  0.0000
0.6585  0.0000
0.6648  0.0000
0.6710  0.0000
0.6773  0.0000
0.6836  0.0000
0.6899  0.0000
0.6962  0.0000
0.7025  0.0000
0.7087  0.0000
0.7150  0.0000
0.7213  0.0000
0.7276  0.0000
0.7339  0.0000
0.7402  0.0000
0.7464  0.0000
0.7527  0.0000
0.7590  0.0000
0.7653  0.0000
0.7716  0.0000
0.7779  0.0000
0.7841  0.0000
0.7904  0.0000
0.7967  0.0000
0.8030  0.0000
0.8093  0.0000
0.8156  0.0000
0.8218  0.0000
0.8281  0.0000
0.8344  0.0000
0.8407  0.0000
0.8470  0.0000
0.8533  0.0000
0.8595  0.0000
0.8658  0.0000
0.8721  0.0000
0.8784  0.0000
0.8847  0.0000
0.8910  0.0000
0.8972  0.0000
0.9035  0.0000
0.9098  0.0000
0.9161  0.0000
0.9224  0.0000
0.9287  0.0000
0.9349  0.0000
0.9412  0.0000
0.9475  0.0000
0.9538  0.0000
0.9601  0.0000
0.9664  0.0000
0.9726  0.0000
0.9789  0.0000
0.9852  0.0000
0.9915  0.0000
0.9978  0.0000
1.0041  0.0000
157      # 30
0.0239  0.0000    
0.0302  0.0000
0.0364  0.0001
0.0427  0.0001
0.0490  0.0003
0.0553  0.0005
0.0616  0.0009
0.0679  0.0016
0.0741  0.0029
0.0804  0.0049
0.0867  0.0081
0.0930  0.0131
0.0993  0.0206
0.1056  0.0317
0.1118  0.0476
0.1181  0.0695
0.1244  0.0991
0.1307  0.1377
0.1370  0.1865
0.1433  0.2465
0.1495  0.3175
0.1558  0.3988
0.1621  0.4885
0.1684  0.5834
0.1747  0.6794
0.1810  0.7715
0.1872  0.8542
0.1935  0.9222
0.1998  0.9708
0.2061  0.9964
0.2124  0.9973
0.2187  0.9732
0.2249  0.9261
0.2312  0.8592
0.2375  0.7774
0.2438  0.6858
0.2501  0.5899
0.2564  0.4947
0.2626  0.4046
0.2689  0.3226
0.2752  0.2508
0.2815  0.1902
0.2878  0.1406
0.2941  0.1013
0.3003  0.0712
0.3066  0.0488
0.3129  0.0326
0.3192  0.0213
0.3255  0.0135
0.3318  0.0084
0.3380  0.0051
0.3443  0.0030
0.3506  0.0017
0.3569  0.0010
0.3632  0.0005
0.3695  0.0003
0.3757  0.0001
0.3820  0.0001
0.3883  0.0000
0.3946  0.0000
0.4009  0.0000
0.4072  0.0000
0.4134  0.0000
0.4197  0.0000
0.4260  0.0000
0.4323  0.0000
0.4386  0.0000
0.4448  0.0000
0.4511  0.0000
0.4574  0.0000
0.4637  0.0000
0.4700  0.0000
0.4763  0.0000
0.4825  0.0000
0.4888  0.0000
0.4951  0.0000
0.5014  0.0000
0.5077  0.0000
0.5140  0.0000
0.5202  0.0000
0.5265  0.0000
0.5328  0.0000
0.5391  0.0000
0.5454  0.0000
0.5517  0.0000
0.5579  0.0000
0.5642  0.0000
0.5705  0.0000
0.5768  0.0000
0.5831  0.0000
0.5894  0.0000
0.5956  0.0000
0.6019  0.0000
0.6082  0.0000
0.6145  0.0000
0.6208  0.0000
0.6271  0.0000
0.6333  0.0000
0.6396  0.0000
0.6459  0.0000
0.6522  0.0000
0.6585  0.0000
0.6648  0.0000
0.6710  0.0000
0.6773  0.0000
0.6836  0.0000
0.6899  0.0000
0.6962  0.0000
0.7025  0.0000
0.7087  0.0000
0.7150  0.0000
0.7213  0.0000
0.7276  0.0000
0.7339  0.0000
0.7402  0.0000
0.7464  0.0000
0.7527  0.0000
0.7590  0.0000
0.7653  0.0000
0.7716  0.0000
0.7779  0.0000
0.7841  0.0000
0.7904  0.0000
0.7967  0.0000
0.8030  0.0000
0.8093  0.0000
0.8156  0.0000
0.8218  0.0000
0.8281  0.0000
0.8344  0.0000
0.8407  0.0000
0.8470  0.0000
0.8533  0.0000
0.8595  0.0000
0.8658  0.0000
0.8721  0.0000
0.8784  0.0000
0.8847  0.0000
0.8910  0.0000
0.8972  0.0000
0.9035  0.0000
0.9098  0.0000
0.9161  0.0000
0.9224  0.0000
0.9287  0.0000
0.9349  0.0000
0.9412  0.0000
0.9475  0.0000
0.9538  0.0000
0.9601  0.0000
0.9664  0.0000
0.9726  0.0000
0.9789  0.0000
0.9852  0.0000
0.9915  0.0000
0.9978  0.0000
1.0041  0.0000
157      # 22.5
0.0239  0.0000
0.0302  0.0000
0.0364  0.0000
0.0427  0.0000
0.0490  0.0001
0.0553  0.0001
0.0616  0.0002
0.0679  0.0003
0.0741  0.0005
0.0804  0.0008
0.0867  0.0013
0.0930  0.0019
0.0993  0.0029
0.1056  0.0044
0.1118  0.0065
0.1181  0.0094
0.1244  0.0134
0.1307  0.0189
0.1370  0.0262
0.1433  0.0359
0.1495  0.0485
0.1558  0.0646
0.1621  0.0847
0.1684  0.1096
0.1747  0.1399
0.1810  0.1759
0.1872  0.2181
0.1935  0.2666
0.1998  0.3213
0.2061  0.3818
0.2124  0.4473
0.2187  0.5166
0.2249  0.5882
0.2312  0.6604
0.2375  0.7309
0.2438  0.7975
0.2501  0.8580
0.2564  0.9100
0.2626  0.9516
0.2689  0.9810
0.2752  0.9971
0.2815  0.9991
0.2878  0.9870
0.2941  0.9614
0.3003  0.9232
0.3066  0.8740
0.3129  0.8157
0.3192  0.7506
0.3255  0.6810
0.3318  0.6091
0.3380  0.5371
0.3443  0.4670
0.3506  0.4003
0.3569  0.3382
0.3632  0.2818
0.3695  0.2315
0.3757  0.1874
0.3820  0.1497
0.3883  0.1178
0.3946  0.0914
0.4009  0.0699
0.4072  0.0528
0.4134  0.0392
0.4197  0.0288
0.4260  0.0208
0.4323  0.0148
0.4386  0.0104
0.4448  0.0072
0.4511  0.0049
0.4574  0.0033
0.4637  0.0022
0.4700  0.0014
0.4763  0.0009
0.4825  0.0006
0.4888  0.0004
0.4951  0.0002
0.5014  0.0001
0.5077  0.0001
0.5140  0.0000
0.5202  0.0000
0.5265  0.0000
0.5328  0.0000
0.5391  0.0000
0.5454  0.0000
0.5517  0.0000
0.5579  0.0000
0.5642  0.0000
0.5705  0.0000
0.5768  0.0000
0.5831  0.0000
0.5894  0.0000
0.5956  0.0000
0.6019  0.0000
0.6082  0.0000
0.6145  0.0000
0.6208  0.0000
0.6271  0.0000
0.6333  0.0000
0.6396  0.0000
0.6459  0.0000
0.6522  0.0000
0.6585  0.0000
0.6648  0.0000
0.6710  0.0000
0.6773  0.0000
0.6836  0.0000
0.6899  0.0000
0.6962  0.0000
0.7025  0.0000
0.7087  0.0000
0.7150  0.0000
0.7213  0.0000
0.7276  0.0000
0.7339  0.0000
0.7402  0.0000
0.7464  0.0000
0.7527  0.0000
0.7590  0.0000
0.7653  0.0000
0.7716  0.0000
0.7779  0.0000
0.7841  0.0000
0.7904  0.0000
0.7967  0.0000
0.8030  0.0000
0.8093  0.0000
0.8156  0.0000
0.8218  0.0000
0.8281  0.0000
0.8344  0.0000
0.8407  0.0000
0.8470  0.0000
0.8533  0.0000
0.8595  0.0000
0.8658  0.0000
0.8721  0.0000
0.8784  0.0000
0.8847  0.0000
0.8910  0.0000
0.8972  0.0000
0.9035  0.0000
0.9098  0.0000
0.9161  0.0000
0.9224  0.0000
0.9287  0.0000
0.9349  0.0000
0.9412  0.0000
0.9475  0.0000
0.9538  0.0000
0.9601  0.0000
0.9664  0.0000
0.9726  0.0000
0.9789  0.0000
0.9852  0.0000
0.9915  0.0000
0.9978  0.0000
1.0041  0.0000
157      # 15
0.0239  0.0000
0.0302  0.0000
0.0364  0.0000
0.0427  0.0000
0.0490  0.0000
0.0553  0.0000
0.0616  0.0000
0.0679  0.0001
0.0741  0.0001
0.0804  0.0001
0.0867  0.0001
0.0930  0.0002
0.0993  0.0003
0.1056  0.0004
0.1118  0.0005
0.1181  0.0007
0.1244  0.0010
0.1307  0.0013
0.1370  0.0017
0.1433  0.0023
0.1495  0.0030
0.1558  0.0040
0.1621  0.0051
0.1684  0.0066
0.1747  0.0085
0.1810  0.0108
0.1872  0.0137
0.1935  0.0173
0.1998  0.0216
0.2061  0.0268
0.2124  0.0331
0.2187  0.0406
0.2249  0.0495
0.2312  0.0599
0.2375  0.0721
0.2438  0.0862
0.2501  0.1025
0.2564  0.1211
0.2626  0.1421
0.2689  0.1657
0.2752  0.1920
0.2815  0.2211
0.2878  0.2531
0.2941  0.2878
0.3003  0.3252
0.3066  0.3652
0.3129  0.4075
0.3192  0.4518
0.3255  0.4978
0.3318  0.5451
0.3380  0.5931
0.3443  0.6412
0.3506  0.6889
0.3569  0.7355
0.3632  0.7803
0.3695  0.8226
0.3757  0.8617
0.3820  0.8971
0.3883  0.9280
0.3946  0.9539
0.4009  0.9744
0.4072  0.9891
0.4134  0.9976
0.4197  0.9999
0.4260  0.9960
0.4323  0.9857
0.4386  0.9695
0.4448  0.9475
0.4511  0.9202
0.4574  0.8881
0.4637  0.8516
0.4700  0.8116
0.4763  0.7685
0.4825  0.7232
0.4888  0.6763
0.4951  0.6284
0.5014  0.5802
0.5077  0.5324
0.5140  0.4854
0.5202  0.4398
0.5265  0.3960
0.5328  0.3543
0.5391  0.3150
0.5454  0.2783
0.5517  0.2443
0.5579  0.2131
0.5642  0.1847
0.5705  0.1591
0.5768  0.1362
0.5831  0.1159
0.5894  0.0979
0.5956  0.0823
0.6019  0.0687
0.6082  0.0570
0.6145  0.0469
0.6208  0.0384
0.6271  0.0313
0.6333  0.0253
0.6396  0.0203
0.6459  0.0162
0.6522  0.0129
0.6585  0.0102
0.6648  0.0080
0.6710  0.0062
0.6773  0.0048
0.6836  0.0037
0.6899  0.0028
0.6962  0.0021
0.7025  0.0016
0.7087  0.0012
0.7150  0.0009
0.7213  0.0007
0.7276  0.0005
0.7339  0.0004
0.7402  0.0003
0.7464  0.0002
0.7527  0.0001
0.7590  0.0001
0.7653  0.0001
0.7716  0.0000
0.7779  0.0000
0.7841  0.0000
0.7904  0.0000
0.7967  0.0000
0.8030  0.0000
0.8093  0.0000
0.8156  0.0000
0.8218  0.0000
0.8281  0.0000
0.8344  0.0000
0.8407  0.0000
0.8470  0.0000
0.8533  0.0000
0.8595  0.0000
0.8658  0.0000
0.8721  0.0000
0.8784  0.0000
0.8847  0.0000
0.8910  0.0000
0.8972  0.0000
0.9035  0.0000
0.9098  0.0000
0.9161  0.0000
0.9224  0.0000
0.9287  0.0000
0.9349  0.0000
0.9412  0.0000
0.9475  0.0000
0.9538  0.0000
0.9601  0.0000
0.9664  0.0000
0.9726  0.0000
0.9789  0.0000
0.9852  0.0000
0.9915  0.0000
0.9978  0.0000
1.0041  0.0000
