            -20.4742              24.5139    XK.B04KH..BHZ           921.0        0.0
             -0.1937             36.08294    1C.MCN1..HHZ          1872.0        0.0
            -24.1822               45.673    XV.BKTA..BHZ           576.0        0.0
             24.9453              56.2042    II.UOSS.00.BHZ           284.4        0.0
             1.14922             36.23791    1C.SIL..HHZ          1001.0        0.0
            -13.3088              35.2425    XK.Q03LC..BHZ          1370.0        0.0
              -15.15                23.09    AF.MONG..BHZ          1046.0        0.0
              -15.08                39.25    XV.NAPU..BHZ           373.0        0.0
              -11.14              28.8749    ZP.MANS.02.BHZ          1259.0        0.0
             -21.362              55.7644    YV.STPHI.00.HHZ            36.0        0.0
              -6.186               35.748    AF.DODT..BHZ          1114.0        0.0
            -12.6208              34.1652    XK.W10LW..BHZ           488.0        0.0
            -20.2184               24.132    XK.B05MO..BHZ           927.0        0.0
            -19.9011              23.5269    XK.B06OR..BHZ           937.0        0.0
          -21.239115              55.7179    PF.SNE.00.HHZ          2505.0        0.0
          -21.299022            55.448127    PF.MAT.00.HHZ           141.0        0.0
             -67.604               62.871    AU.MAW..BHZ            12.0        0.0
            -13.2275               30.215    ZP.SERJ.02.BHZ          1388.0        0.0
             -19.018               47.229    II.ABPO.00.BHZ          1528.0        5.3
               -1.66             29.23666    AF.BOBN..BHZ          1529.0        0.0
           18.966299            55.972198    XW.BSRN..BHZ           215.0        0.0
             11.8166              41.0499    ZK.AD09..HHZ           385.0        0.0
             11.7762              41.0285    ZK.AD08..HHZ           391.0        0.0
             11.4218              40.7656    ZK.AD03..HHZ           488.0        0.0
             11.3488              40.6876    ZK.AD02..HHZ           523.0        0.0
             11.3151               40.571    ZK.AD01..HHZ           580.0        0.0
             11.6754              40.9398    ZK.AD06..HHZ           460.0        0.0
             11.6084              40.9059    ZK.AD05..HHZ           445.1        0.0
            -10.2776               40.194    YH.MTWA.02.BHZ            32.0        0.0
            -14.9344              50.2911    XV.LAHA..BHZ            11.1        0.0
            -18.9176              47.5511    XV.TANS..BHZ          1397.9        0.0
             18.1203              55.7407    XW.SHA2..BHZ           253.0        0.0
            -18.1369              47.2289    XV.ZOBE..BHZ          1614.2        0.0
             0.89619             36.08595    1C.MOND..HHZ           883.0        0.0
             11.5906              42.5178    7C.BLS.00.HHZ            78.0        0.0
            -15.8636              48.8263    XV.SOLA..BHZ           316.8        0.0
             -20.298               57.497    MR.MRIV..HHZ           434.0        0.0
             18.8311              56.3232    XW.RIMA..BHZ           175.0        0.0
             -33.313               26.508    AF.GRM..BHZ           610.0        0.0
             -0.6019              30.7382    II.MBAR.10.BHZ          1390.0        7.0
            -13.2546              31.9314    XK.Z08MF..BHZ           460.0        0.0
             17.9613            55.921001    XW.HN01..BHZ           247.0        0.0
            -21.2554              55.7247    YA.UV12.00.HHZ          2079.0        0.0
            -21.2917              55.7079    YA.UV13.00.HHZ          2085.0        0.0
            -21.2837               55.725    YA.UV10.00.HHZ          1897.0        0.0
            -21.2398              55.7092    YA.UV11.00.HHZ          2545.0        0.0
            -0.25943             36.09257    1C.VWP..HHZ          2009.0        0.0
            -17.7703              18.4597    8A.NEPA..BHZ          1129.3        0.0
            -21.2019              55.6954    YA.UV14.00.HHZ          1780.0        0.0
            -21.2451              55.7089    YA.UV15.00.HHZ          2586.0        0.0
            12.49478             40.98489    ZR.KOZE..BHZ           543.0        0.0
            -14.5397              48.7467    XV.BAEL..BHZ          1147.8        0.0
            -21.3398              55.4915    YV.STPI.00.HHZ            81.0        0.0
             -8.1397              36.6828    YH.IFAK.02.BHZ           251.0        0.0
            -11.1925              31.7397    ZP.SHWG.02.BHZ          1211.0        0.0
          -21.229493             55.72229    PF.FJS.00.HHZ          2123.0        0.0
            -22.8022              47.7175    YV.RUM1.00.HHZ            45.0        0.0
            -22.1367              48.0022    YV.RUM2.00.HHZ            11.0        0.0
            -23.7988              47.5459    YV.RUM3.00.HHZ             8.0        0.0
            -24.2767              47.3157    YV.RUM4.00.HHZ            15.0        0.0
            -24.7852              47.0851    YV.RUM5.00.HHZ            21.0        0.0
           -19.75553             63.37014     G.ROCAM.00.BHZ            52.0        0.0
          -20.929301            55.647132    PF.CAM.00.HHZ            15.0        0.0
             0.49264            72.994858    GE.KAAM..BHZ             1.0        0.0
             11.5263              42.8472    7C.ARTA.00.HHZ           722.0        0.0
            -13.2166              34.3113    XK.W11KP..BHZ           511.0        0.0
             11.5844              42.4986    7C.LDL2.00.HHZ           115.0        0.0
             1.04099             36.12259    1C.NATN..HHZ           799.0        0.0
             -7.4121              72.4525    II.DGAR.00.BHZ             1.0        2.0
             -1.5926              29.4503    YA.KV08..HHZ          2554.0        0.0
             -1.9027              29.3468    YA.KV03..HHZ          1963.0        0.0
             -1.9371              29.4576    YA.KV02..HHZ          2515.0        0.0
             -2.0783              29.3511    YA.KV01..HHZ          1555.0        0.0
             -7.1981              38.7733    YH.MANG.02.BHZ           366.0        0.0
             -1.5579              29.3645    YA.KV07..HHZ          2234.0        0.0
              -1.678              29.4106    YA.KV06..HHZ          2789.0        0.0
             -1.6738              29.2637    YA.KV05..HHZ          1582.0        0.0
             -1.4568              29.5261    YA.KV04..HHZ          2517.0        0.0
            -19.2938              22.9094    XK.B17CI..BHZ           959.0        0.0
          -21.056776            55.263325    PF.MVL.00.HHZ           443.0        0.0
            -12.2825              49.3606    XV.DGOS..BHZ            33.5        0.0
             -22.344              40.3401    YV.EURO.00.BHZ            10.0        0.0
            -13.4584              49.9212    GE.SBV..BHZ            65.0        0.0
             -2.7316              35.3595    XJ.NG54..BHZ          1853.0        0.0
            -20.1331              44.5515    XV.MARO..BHZ            32.9        0.0
            -14.1368              50.0608    XV.MKVA..BHZ            19.6        0.0
            -13.7421              34.5959    XK.W06SB..BHZ           514.0        0.0
             -13.763              34.3842    XK.W05SA..BHZ           530.0        0.0
              9.5827              39.7418    AF.ANKE..BHZ          2789.9        0.0
             13.3535             39.76355    ZR.ABAE..BHZ          1447.0        0.0
            -13.7627              34.3834    XK.W05SL..BHZ           530.0        0.0
            -21.0774              55.2304    YV.SGIL.00.HHZ            11.0        0.0
            -13.4991              32.3828    XK.Z10KW..BHZ           892.0        0.0
            -13.4671              36.1397    XK.Q05ML..BHZ           681.0        0.0
            -13.3953              36.1257    XK.Q05MJ..BHZ           661.0        0.0
          -22.715235            53.159453    YV.RR28.00.BHZ         -4550.0        0.0
            -24.9657              51.7488    YV.RR29.00.BHZ         -4829.0        0.0
            -23.2293              54.4698    YV.RR26.00.BHZ         -4259.0        0.0
            -21.9657              54.2889    YV.RR27.00.BHZ         -4277.0        0.0
            11.79258             41.00433    ZR.SEME..BHZ           433.0        0.0
            -23.2662              56.7249    YV.RR25.00.BHZ         -4759.0        0.0
            -21.3007              52.4994    YV.RR22.00.BHZ         -4920.0        0.0
             -22.329              50.4487    YV.RR23.00.BHZ         -4893.0        0.0
            -18.4774                51.46    YV.RR20.00.BHZ         -4820.0        0.0
            -20.4217              50.5599    YV.RR21.00.BHZ         -4782.0        0.0
            12.77592            44.982441    XW.ADEN..BHZ            59.0        0.0
          -21.211121            55.720224    PF.HIM.00.HHZ          1958.0        0.0
           19.091999            56.552898    XW.GBRA..BHZ           151.0        0.0
           19.500799               57.465    XW.SADA..BHZ           180.0        0.0
            -14.8843              47.9993    XV.ANTS..BHZ            12.2        0.0
            -20.3428              45.5964    XV.BAND..BHZ           178.6        0.0
             0.90176             36.25697    1C.KTG..HHZ          1216.0        0.0
            -13.6426              48.4537    XV.BANJ..BHZ            17.3        0.0
             -9.2647              34.0968    YQ.MAKE..BHZ          2304.0        0.0
             -9.1502              33.5213    YQ.MZUN..BHZ          1399.0        0.0
              0.3262           101.039597    GE.BKNI..BHZ            65.0        0.0
            -13.4078                34.87    XK.Q01MP..BHZ           486.0        0.0
            -0.14386             36.15726    1C.BHT..HHZ          2118.0        0.0
            -25.6805              54.4881    YV.RR24.00.BHZ         -5074.0        0.0
            -12.6965              30.1358    XK.Z02PP..BHZ          1237.0        0.0
            -24.4152              29.7445    ZT.LESE..BHZ           762.0        0.0
           19.257799            57.596802    XW.MKRZ..BHZ            77.0        0.0
            -13.3502              31.5149    XK.Z06GL..BHZ           520.0        0.0
          -21.291698            55.707912    PF.PRA.00.HHZ          2009.0        0.0
            -22.8057              44.2959    XV.LONA..BHZ           416.6        0.0
          -20.898865            55.452617    PF.PRO.00.HHZ           157.3        0.0
             -11.631               27.485    AF.LBB..BHZ          1283.0        0.0
             11.4543              43.2034    7C.ATA2.00.HHZ           107.0        0.0
            -12.8456              45.1868    YV.MAYO.00.BHZ            41.0        0.0
            -10.2174              31.1401    ZP.KASM.02.BHZ          1386.0        0.0
              7.2728              80.7022    II.PALK.00.BHZ           460.0       90.0
            -21.2486              55.7141    YA.UV05.00.HHZ          2528.0        0.0
            -13.3309              35.6584    XK.Q04NM..BHZ          1207.0        0.0
             -13.075              30.6276    XK.Z04NN..BHZ          1620.0        0.0
            -14.0852              34.9112    XK.W12MB..BHZ           481.0        0.0
           -21.28373             55.72497    PF.VIL.00.HHZ          1806.0        0.0
             11.5349              42.4453    7C.PCKD.00.HHZ           379.0        0.0
             18.4324            56.108002    XW.GASH..BHZ           230.0        0.0
            -20.4555             57.48533    3E.COLR..HHZ             0.0        0.0
          -21.250727             55.79059    PF.HDL.00.HHZ           242.0        0.0
           18.444599            55.303101    XW.OMRN..BHZ           230.0        0.0
             -12.296              29.9948    XK.Z01TG..BHZ          1170.0        0.0
            12.84183             40.98386    ZR.BIME..BHZ            54.0        0.0
            -13.1967              37.4986    XK.Q07MR..BHZ           821.0        0.0
              -29.67               22.757    AF.PKA..BHZ           960.0        0.0
            16.20682             51.39719    XW.MADQ..BHZ           346.0        0.0
            -20.9009              55.4835    YV.RUN01.00.BHZ           112.0        0.0
                3.87               11.456    AF.YNDE..BHZ           717.0        0.0
            -10.2498               29.921    ZP.LWNG.02.BHZ          1455.0        0.0
           -20.26065             57.59374    3E.FORE..HHZ             0.0        0.0
            -20.9363              55.3263    YV.POSS.00.HHZ            47.0        0.0
           -21.24642             55.68451    PF.CSS.00.HHZ          2193.0        0.0
            -17.8471               48.423    XV.ZAKA..BHZ           814.2        0.0
             1.17194             36.35906    1C.NASO..HHZ           936.0        0.0
           11.530725            42.846634     G.ATD.00.BHZ           610.0        0.0
            -13.3496              36.7453    XK.Q06MQ..BHZ           440.0        0.0
             13.4463            40.496899    ZR.ERTE..BHZ            -5.0        0.0
             -6.6403               38.367    YH.CHAL.02.BHZ           219.0        0.0
            -10.9505              31.0691    ZP.CHAM.02.BHZ          1211.0        0.0
              1.1852             36.10518    1C.KAPD..HHZ           723.0        0.0
            -21.2674              55.7616    YA.UV04.00.HHZ          1002.0        0.0
            -21.2289              55.6916    YA.UV07.00.HHZ          2211.0        0.0
            -21.2398              55.7525    YA.UV06.00.HHZ          1417.0        0.0
            -21.2437              55.6529    YA.UV01.00.HHZ          2373.0        0.0
            -21.2234              55.7579    YA.UV03.00.HHZ          1006.0        0.0
            -21.2739              55.7793    YA.UV02.00.HHZ           471.0        0.0
            -21.2111              55.7202    YA.UV09.00.HHZ          1958.0        0.0
            -21.2464              55.6845    YA.UV08.00.HHZ          2190.0        0.0
             -14.548              35.1806    XK.W13CC..BHZ           487.0        0.0
            -15.6818              34.9747    XK.W15SS..BHZ           777.0        0.0
            -21.7501              43.3721    XV.MMBE..BHZ            32.0        0.0
            -20.0608              47.0001    XV.BITY..BHZ          1566.0        0.0
              -16.13                33.57    XV.TETE..BHZ           159.0        0.0
              17.489            55.217999    XW.HAS3..BHZ            26.0        0.0
          -21.201837            55.695393    PF.FRE.00.HHZ          1775.0        0.0
            -19.6305              23.8268    XK.B15MW..BHZ           942.0        0.0
             -28.323               27.625    AF.SEK..BHZ          1486.0        0.0
              -10.25               40.167    AF.MTVE..BHZ            21.0        0.0
             -30.605               25.497    AF.HVD..BHZ          1433.0        0.0
            -13.1206              31.7754    XK.Z07FW..BHZ           523.0        0.0
            -21.2672              55.3526    YV.ETAN.00.HHZ            30.0        0.0
              -22.25                35.08    XV.MAPH..BHZ            42.0        0.0
            12.51952             53.98742    GE.SOCY..BHZ           804.0        0.0
             3.42195             35.36165    GE.LODK..BHZ           665.0        0.0
             -12.939              30.4424    XK.Z03CK..BHZ          1433.0        0.0
             -27.182               25.332    AF.SWZ..BHZ          1342.0        0.0
             -2.6279              36.1846    XJ.LN15..BHZ          1327.0        0.0
             -15.747               26.016    AF.TEZI..BHZ          1115.6        0.0
            -10.6838              34.1931    XK.W07CR..BHZ           504.0        0.0
           19.443199            56.721901    XW.HBAB..BHZ           160.0        0.0
            -25.0151             25.59665    GT.LBTB.00.BHZ          1028.0      100.0
             11.5924              42.5108    7C.FIK2.00.HHZ           101.0        0.0
              -23.83                32.18    XV.MSGR..BHZ           135.0        0.0
            -0.09995             36.12779    1C.SLS..HHZ          1869.0        0.0
            -15.0626              35.2259    XK.W14MC..BHZ           500.0        0.0
            -13.3058               32.221    XK.Z09CG..BHZ           716.0        0.0
              0.0536               32.483    AF.TEBE..BHZ          1132.0        0.0
              11.288              42.2234    7C.GOR.00.BHZ           265.0        0.0
              -16.86                36.83    XV.MOCU..BHZ           232.0        0.0
          -30.564957            59.685803    YV.RR38.00.BHZ         -4560.0        0.0
             11.7301              43.2123    7C.MCH.00.HHZ            10.0        0.0
            -28.7648              48.1394    YV.RR31.00.BHZ         -2709.0        0.0
            -26.4861              49.8917    YV.RR30.00.BHZ         -5140.0        0.0
             -31.117              50.6835    YV.RR33.00.BHZ         -4904.0        0.0
            -30.2903              49.5555    YV.RR32.00.BHZ         -4670.0        0.0
            -32.9694              54.1473    YV.RR35.00.BHZ         -4214.0        0.0
            -32.0783              52.2114    YV.RR34.00.BHZ         -4265.0        0.0
             -31.701              57.8876    YV.RR37.00.BHZ         -4036.0        0.0
            -33.7018              55.9578    YV.RR36.00.BHZ         -3560.0        0.0
            -20.0676              44.6595    XV.KIRI..BHZ            70.1        0.0
            14.08887              40.2784    ZR.AHME..BHZ            46.0        0.0
            -17.1845              46.8571    XV.BARY..BHZ           265.7        0.0
           16.985901              54.6973    XW.MIRB..BHZ            21.0        0.0
            -0.15948             36.23983    1C.GSSH..HHZ          2711.0        0.0
             -49.351            70.210708     G.PAF.00.BHZ            17.0        0.0
             19.3696              56.3479    XW.MKZA..BHZ           163.0        0.0
             18.1618              56.4314    XW.SAWQ..BHZ           168.0        0.0
            -27.5792               65.943    YV.RR48.00.BHZ         -4830.0        0.0
            -26.2741              68.5354    YV.RR49.00.BHZ         -4444.0        0.0
            -27.5324              65.7481    YV.RR44.00.BHZ         -4548.0        0.0
            -27.6581              65.6019    YV.RR45.00.BHZ         -2822.0        0.0
            -27.7909              65.5835    YV.RR46.00.BHZ         -3640.0        0.0
            -27.6958              65.7553    YV.RR47.00.BHZ         -4582.0        0.0
           -28.14609            63.301963    YV.RR40.00.BHZ         -4780.0        0.0
             -27.733              65.3344    YV.RR41.00.BHZ         -5430.0        0.0
            -27.6192              65.4376    YV.RR42.00.BHZ         -4771.0        0.0
            -27.5338              65.5826    YV.RR43.00.BHZ         -4264.0        0.0
           -21.23979             55.75247    PF.GPN.00.HHZ          1413.0        0.0
            -13.7073              33.0061    XK.W01PD..BHZ          1136.0        0.0
            13.48817            40.528332    ZR.GPSE..BHZ             0.0        0.0
            -11.5824              47.2895    YV.GLOR.00.BHZ             4.0        0.0
            -28.6141             25.25553    GT.BOSA.00.BHZ          1180.0      100.0
           -21.26741             55.76162    PF.GPS.00.HHZ          1004.0        0.0
            -13.4568              25.8337    ZP.KMPZ.02.BHZ          1251.0        0.0
            -15.2779              28.1882    IU.LSZ.00.BHZ          1200.0        0.0
             -17.445               35.032    XV.SENA..BHZ            50.0        0.0
            -69.0067               39.585    PS.SYO..BHZ            20.0        0.0
             11.9849              43.2912    7C.OBO2.00.HHZ            47.0        0.0
             -11.434               34.035    AF.MZM..BHZ          1258.0        0.0
            -22.2377              26.7184    XK.B01KR..BHZ          1236.0        0.0
            13.20396            40.858479    ZR.AFME..BHZ           -58.0        0.0
            -19.3179              48.9785    XV.MAGY..BHZ            22.2        0.0
            -18.9132              22.5427    XK.B10PP..BHZ           974.0        0.0
           -21.22336             55.75783    PF.CRA.00.HHZ           998.0        0.0
           -21.27387             55.77934    PF.GBS.00.HHZ           471.0        0.0
            -19.3314              48.9824    XV.VATO..BHZ            23.0        0.0
              -0.156               36.049    1C.RGO..HHZ          1940.0        0.0
              1.0368             36.30999    1C.AKWI..HHZ           871.0        0.0
            -0.22224             36.17673    1C.LWHS..HHZ          2068.0        0.0
            12.48125            40.314812    ZR.TRUE..BHZ           381.0        0.0
             8.39682             80.54254    GE.MALK..BHZ           113.0        0.0
             6.77314            73.182159    GE.HMDM..BHZ             1.0        0.0
           18.755699            56.639999    XW.SABA..BHZ           101.0        0.0
            -21.1381               55.296    YV.CBNM.00.HHZ           521.0        0.0
          -21.261867            55.718708    PF.FOR.00.HHZ          2049.0        0.0
             19.5588            57.609001    XW.DUQM..BHZ            56.0        0.0
            13.84221            40.007721    ZR.HALE..BHZ           797.0        0.0
             -1.1268              37.2523    GE.KMBO.00.BHZ          1940.0       20.0
              6.0885              80.6805    GE.HALK..BHZ            42.0        0.0
              2.6938              98.9237    PS.PSI..BHZ           987.0        0.0
             -12.171               26.367    ZP.GABZ.02.BHZ          1393.0        0.0
            13.69449            39.588539    ZR.GULE..BHZ          2021.0        0.0
            13.10124             40.31691    ZR.HITE..BHZ           566.0        0.0
            -0.18225             36.24463    1C.ANR..HHZ          2730.0        0.0
            -10.4807              105.652    AU.XMIS..BHZ           210.0        3.0
            -19.2022              17.5838    IU.TSUM.00.BHZ          1260.0        0.0
           17.726999            55.072899    XW.DEMT..BHZ           420.0        0.0
            -14.7948              24.8044    ZP.KAMZ.02.BHZ          1161.0        0.0
             -13.724              33.5599    XK.W02NB..BHZ          1174.0        0.0
             -8.9199              39.5141    YH.KIMA.02.BHZ             7.0        0.0
            -20.0069               55.423    YV.RR01.00.BHZ         -4298.0        0.0
             14.5725            44.391701    GE.DAMY..BHZ          2488.0        0.0
            -21.6626              56.6676    YV.RR05.00.BHZ         -4092.0        0.0
             -20.655              56.7639    YV.RR06.00.BHZ         -4216.0        0.0
            -20.1945              59.4058    YV.RR07.00.BHZ         -4370.0        0.0
            -19.9259              61.2907    YV.RR08.00.BHZ         -4190.0        0.0
            -19.4924              64.4485    YV.RR09.00.BHZ         -2976.0        0.0
              9.0349              38.7665    AF.AAUS..BHZ          2437.8        0.0
            -12.1901              96.8349    II.COCO.00.BHZ             1.0       70.0
              -11.61              34.2964    XK.W08KB..BHZ           481.0        0.0
            11.68684             40.96249    ZR.DAME..BHZ           424.0        0.0
            -10.4501             105.6884    AU.XMI..BHZ           252.0        3.0
            -10.1708              32.6457    ZP.ISOK.02.BHZ          1301.0        0.0
            -0.10642             36.05945    1C.NDG..HHZ          2068.0        0.0
            13.72514            40.394009    ZR.GALE..BHZ           -87.0        0.0
            -0.17793             36.00683    1C.TOR1..HHZ          1942.0        0.0
              5.2288            96.947197    GE.LHMI..BHZ             3.0        0.0
          -21.208501             55.57182    PF.OBS.00.HHZ          1550.0        0.0
            -13.1442              25.0213    ZP.MUFZ.02.BHZ          1189.0        0.0
             -18.295              21.7918    XK.B14MH..BHZ           995.0        0.0
               -8.28                28.53    AF.PWET..BHZ           948.0        0.0
           19.057819            57.545311    XW.DHAH..BHZ           111.0        0.0
          -19.696196            63.441279     G.RODM.00.BHZ           300.0        0.0
           -37.79635            77.569186     G.AIS.00.BHZ            35.9        3.0
            -13.2923              35.0304    XK.Q02GG..BHZ           994.0        0.0
             -32.712               25.562    AF.SOE..BHZ           820.0        0.0
            -15.3833                35.35    AF.ZOMB..BHZ           885.0        0.0
             11.5101              42.1061    7C.YOB.00.HHZ           226.0        0.0
            -18.7462              22.1965    XK.B12SS..BHZ           978.0        0.0
            -17.9096              19.7648    AF.RUDU..BHZ          1100.0        0.0
              11.118               39.635    AF.DESE..BHZ          2538.0        0.0
            -21.3928              25.5811    XK.B02LT..BHZ           984.0        0.0
            -13.3218              31.0287    XK.Z06LW..BHZ          1440.0        0.0
             -27.346               31.707    AF.POGA..BHZ           290.0        0.0
             11.5607              41.4422    ZR.ASYE..BHZ           370.0        0.0
             23.5225              45.5032    II.RAYN.00.BHZ           631.0       75.0
            -25.5358                45.15    XV.CPSM..BHZ           172.8        0.0
           -20.34997             57.63006    3E.DARY..HHZ             0.0        0.0
            -23.1714              47.6899    XV.MAHA..BHZ            31.0        0.0
             0.77006             36.16504    1C.NAK..HHZ          1031.0        0.0
           -21.23971             55.70921    PF.BON.00.HHZ          2552.0        0.0
              1.3039              97.5755    GE.GSI..BHZ           107.0        0.0
            12.04015            40.976952    ZR.SAHE..BHZ           365.0        0.0
              -46.43               51.861     G.CRZF.00.BHZ           140.0        2.0
           18.901899            57.040199    XW.SAHL..BHZ            50.0        0.0
             11.9385              41.4546    ZK.AD14..HHZ           422.0        0.0
          -21.255894            55.700522    PF.RVL.00.HHZ          2110.0        0.0
            -21.1712             55.73986     G.RER.00.BHZ           834.0        0.0
             11.7422              41.8373    ZK.AD17..HHZ           150.0        0.0
            -12.0219              29.6123    ZP.KISH.02.BHZ          1132.0        0.0
             11.9077              41.7914    ZK.AD18..HHZ           452.0        0.0
             12.0545              41.9258    ZK.AD19..HHZ           435.0        0.0
             11.8998              41.1369    ZK.AD10..HHZ           370.0        0.0
              11.958              41.3098    ZK.AD13..HHZ           352.0        0.0
            -13.1667              30.8784    XK.Z05CS..BHZ          1512.0        0.0
             11.8803              41.7069    ZK.AD15..HHZ            88.0        0.0
             11.8197              41.7526    ZK.AD16..HHZ           118.0        0.0
            -12.1116              25.4952    ZP.KISZ.02.BHZ          1358.0        0.0
            -13.5636              32.5889    XK.Z11CP..BHZ          1022.0        0.0
             11.7529              42.6376    7C.DAY.00.HHZ          1782.0        0.0
            -21.0797              55.3831    YV.MAID.00.HHZ          2169.0        0.0
            -24.7264              58.0496    YV.RR57.00.BHZ         -5200.0        0.0
            -21.9694              59.5853    YV.RR56.00.BHZ         -4230.0        0.0
           18.541401              55.8377    XW.NIMR..BHZ           230.0        0.0
            -20.6424              63.5082    YV.RR54.00.BHZ         -3375.0        0.0
            -20.1213              64.9664    YV.RR53.00.BHZ         -2940.0        0.0
            -20.4723              68.1094    YV.RR52.00.BHZ         -2918.0        0.0
            -22.9989              69.1911    YV.RR51.00.BHZ         -3463.0        0.0
            -25.5182              70.0222    YV.RR50.00.BHZ         -4118.0        0.0
            -18.8786              46.1871    XV.BATG..BHZ          1552.2        0.0
          -21.240742            55.732887    PF.FLR.00.HHZ          1947.0        0.0
            -13.6788              33.8245    XK.W03BL..BHZ          1336.0        0.0
            -13.6035              29.3791    ZP.MKUS.02.BHZ          1250.0        0.0
            -0.21789             35.94657    1C.MNP..HHZ          1991.0        0.0
              -2.866               33.241    AF.GETA..BHZ          1267.0        0.0
            -22.8246              27.2286    XK.B1665..BHZ           953.0        0.0
             11.6174              42.5559    7C.PGMD.00.HHZ           470.0        0.0
            8.281517              73.0598    IN.MNC..HHZ             2.0        0.0
            -12.1085              34.0464    XK.W09TK..BHZ           475.0        0.0
             -22.827               44.733    AF.SKRH..BHZ           890.0        0.0
           19.560699            57.690399    XW.SUYR..BHZ            33.0        0.0
             -20.143              28.6113    AF.BLWY..BHZ          1348.0        0.0
             -28.362               21.253    AF.UPI..BHZ           845.0        0.0
              -15.58              47.6277    XV.BERG..BHZ            67.8        0.0
            -21.3732              54.1294    YV.RR03.00.BHZ         -4340.0        0.0
           11.655733            92.743918    IN.PBA..HHZ            79.0        0.0
            -20.1645              22.4588    XK.B08TS..BHZ           948.0        0.0
            -21.4417              61.4959    YV.RR55.00.BHZ         -4462.0        0.0
             -4.3605           102.955704    GE.MNAI..BHZ           154.0        0.0
             -31.482               19.762    AF.CVNA..BHZ          1050.0        0.0
            -21.1207              24.7635    XK.B03SL..BHZ           906.0        0.0
             -20.549              22.7494    XK.B07DX..BHZ           945.0        0.0
             -22.026              46.7059    GE.VOI..BHZ           993.0        0.0
            -24.7033              44.7436    XV.AMPY..BHZ           252.4        0.0
            -18.5794              21.9944    XK.B13NX..BHZ           979.0        0.0
            -32.3797              20.8117    II.SUR.00.BHZ          1770.0        0.0
              8.8952              38.6798    IU.FURI.00.BHZ          2565.0        5.0
             -12.814               28.209    AF.KTWE..BHZ          1227.6        0.0
           19.270201            57.208099    XW.KRWN..BHZ           157.0        0.0
                -9.0                33.25    AF.MBEY..BHZ          1371.0        0.0
            -21.0354              55.5322    YV.SALA.00.HHZ           662.0        0.0
            -15.7323              46.4263    XV.MAJA..BHZ            35.7        0.0
             -1.2739              36.8037    AF.NBI..BHZ          1713.0        0.0
            -29.0165              60.9755    YV.RR39.00.BHZ         -4700.0        0.0
            -19.6626              22.1937    XK.B09NK..BHZ           954.0        0.0
             -4.6737              55.4792    II.MSEY.00.BHZ           475.0       91.0
            11.98922            40.703701    ZR.LULE..BHZ           594.0        0.0
             19.0152            57.761002    XW.DRAK..BHZ           119.0        0.0
            -18.5427              60.5635    YV.RR13.00.BHZ         -4130.0        0.0
            -18.9255              63.6474    YV.RR12.00.BHZ         -3185.0        0.0
            -18.7784              65.4629    YV.RR11.00.BHZ         -3473.0        0.0
            -19.6437              65.7558    YV.RR10.00.BHZ         -2310.0        0.0
            -19.0427              57.1322    YV.RR17.00.BHZ         -2205.0        0.0
            -16.8976              56.5335    YV.RR16.00.BHZ         -4426.0        0.0
            -17.7402               58.333    YV.RR15.00.BHZ         -3959.0        0.0
            -17.8448              62.5299    YV.RR14.00.BHZ         -3420.0        0.0
            -22.5667                 17.1    AF.WIN..BHZ          1728.0        0.0
              -19.85              53.3805    YV.RR19.00.BHZ         -4901.0        0.0
            -18.7504              54.8878    YV.RR18.00.BHZ         -4743.0        0.0
            -17.0543              42.7125    YV.JNOV.00.BHZ             8.0        0.0
             17.9153              55.6437    XW.WAYM..BHZ            27.0        0.0
             1.02678             36.21872    1C.NAUD..HHZ           873.0        0.0
            14.22897            40.217831    ZR.DALE..BHZ           -97.0        0.0
             -9.7896               37.917    YH.WALE.02.BHZ           507.0        0.0
             -11.821              31.4517    ZP.MPIK.02.BHZ          1392.0        0.0
          -21.133824             55.46964    PF.CIL.00.HHZ          1223.0        0.0
            12.25259            40.461231    ZR.IGRE..BHZ           675.0        0.0
            -2.35907              38.0433    GE.KIBK..BHZ           790.0        0.0
             -8.1426              39.1832    YH.MOHO.02.BHZ             4.0        0.0
             11.7603              42.1404    7C.DAO.00.HHZ           148.0        0.0
            -18.1769              45.2247    XV.VINA..BHZ           293.8        0.0
             11.6424              42.5781    7C.NRAE.00.HHZ           466.0        0.0
            -21.3684              55.6729    YV.VINC.00.HHZ           179.0        0.0
           -24.97565            46.978877     G.FOMA.00.BHZ            28.0        0.0
            -17.7062              49.4599    XV.ANLA..BHZ            33.3        0.0
            -15.8885              54.5218    YV.TROM.00.BHZ             6.0        0.0
            -13.7212              34.1205    XK.W04VR..BHZ          1027.0        0.0
            -19.0159              22.3165    XK.B11ET..BHZ           974.0        0.0
            -10.0167              39.7149    YH.INDI.02.BHZ            14.0        0.0