-19.0427  57.1322    9 0  8  BR  RR17
-20.1945  59.4058    9 0  8  BR  RR07
-19.9259  61.2907    9 0  8  BR  RR08
-19.4924  64.4485    9 0  8  TR  RR09
-19.6437  65.7558    9 0  8  BL  RR10
-18.7784  65.4629    9 0  8  BL  RR11
-18.9255  63.6474    9 0  8  BR  RR12
-17.8448  62.5299    9 0  8  BR  RR14
-18.5427  60.5635    9 0  8  BR  RR13
-17.7402  58.3330    9 0  8  BR  RR15
-16.8976  56.5335    9 0  8  BR  RR16
-18.7504  54.8878    9 0  8  BR  RR18
-19.8500  53.3805    9 0  8  BR  RR19
-18.4774  51.4600    9 0  8  BR  RR20
-20.4217  50.5599    9 0  8  BR  RR21
-21.3007  52.4994    9 0  8  BR  RR22
-23.2293  54.4698    9 0  8  TR  RR26
-23.2662  56.7249    9 0  8  TL  RR25
-22.2553  55.3846    9 0  8  TL  RR04
-21.9657  54.2889    9 0  8  TR  RR27
-21.3732  54.1294    9 0  8  TR  RR03
-20.3392  54.4984    9 0  8  TR  RR02
-20.0069  55.4230    9 0  8  BR  RR01
-20.6550  56.7639    9 0  8  TL  RR06
-21.6626  56.6676    9 0  8  TL  RR05
-26.4861  49.8917    9 0  8  BR  RR30
-20.6424  63.5082    9 0  8  TL  RR54
-21.4417  61.4959    9 0  8  TL  RR55