# stla	stlo	net.stat.loc.chan	stel	stdp
           53.376263            53.376263    UK.AGSB..BHZ            44.0        0.0
           65.616302            65.616302    DK.ANGG..BHZ             9.0        0.0
           65.112396            65.112396    Z7.ARNA..HHZ           551.0        0.0
           65.051941            65.051941    Z7.ASK..HHZ           955.0        0.0
           51.046799            51.046799    Y2.BA01..HHZ            62.0        0.0
           51.056702            51.056702    Y2.BA02..HHZ           167.0        0.0
           51.041801            51.041801    Y2.BA03..HHZ           130.0        0.0
           51.036499            51.036499    Y2.BA04..HHZ           108.0        0.0
           64.198151            64.198151    Z7.BHAF..HHZ            60.0        0.0
             58.4935              58.4935    GB.BIGH..BHZ            70.0        0.0
            64.46891             64.46891    Z7.BJK..HHZ          1572.0        0.0
           65.488701            65.488701    YY.BLAF..BHZ           644.0        0.0
           54.560635            54.560635    ZX.BLB01..HHZ            80.0        0.0
           54.560566            54.560566    ZX.BLB02..HHZ            80.0        0.0
           54.560417            54.560417    ZX.BLB04..HHZ            80.0        0.0
           54.560368            54.560368    ZX.BLB05..HHZ            80.0        0.0
            54.56015             54.56015    ZX.BLB07..HHZ            80.0        0.0
           54.560051            54.560051    ZX.BLB08..HHZ            80.0        0.0
           54.560093            54.560093    ZX.BLB09..HHZ            80.0        0.0
           54.559986            54.559986    ZX.BLB10..HHZ            80.0        0.0
           54.559902            54.559902    ZX.BLB11..HHZ            80.0        0.0
            54.55983             54.55983    ZX.BLB12..HHZ            80.0        0.0
           66.122566            66.122566    Z7.BOLU..HHZ            36.0        0.0
             64.7474              64.7474    II.BORG.00.BHZ           110.0       95.0
             65.2183              65.2183    Z7.BOTN..HHZ           487.0        0.0
           64.125801            64.125801    7J.BRE1..BHZ            11.0        0.0
           64.129097            64.129097    7J.BRE2..BHZ            46.0        0.0
           64.081596            64.081596    7J.BRE4..BHZ             2.0        0.0
           63.962101            63.962101    ZO.BRSK..BHZ           727.0        0.0
           64.828857            64.828857    Z7.BRU..HHZ           751.0        0.0
           65.204613            65.204613    4F.BRUN..HHZ           536.0        0.0
           55.113998            55.113998    DK.BSD..BHZ            88.0        0.0
           65.897034            65.897034    YY.BUNG..BHZ           449.0        0.0
           65.602173            65.602173    YY.BURF..BHZ           382.0        0.0
           50.186699            50.186699    GB.CCA1..BHZ           209.0        0.0
           55.082802            55.082802    GB.CLGH..BHZ           239.0        0.0
             70.4743              70.4743    CN.CLRN..BHZ             9.0        0.0
           52.738499            52.738499    GB.CWF..BHZ           203.0        0.0
           76.771301            76.771301    GE.DAG..BHZ            23.0        0.0
           65.077332            65.077332    Z7.DALR..HHZ           801.0        0.0
           74.307098            74.307098    DK.DBG..BHZ             1.0        0.0
           65.077393            65.077393    4F.DDAL..BHZ           801.0        0.0
           64.504051            64.504051    Z7.DJK..HHZ          1683.0        0.0
           65.051941            65.051941    Z7.DNGA..HHZ           955.0        0.0
           65.049438            65.049438    Z7.DREK..HHZ           820.0        0.0
           65.602226            65.602226    YY.DRUM..BHZ           384.0        0.0
           64.921494            64.921494    Z7.DSAN..HHZ           705.0        0.0
            53.24519             53.24519    EI.DSB..BHZ           236.0        0.0
           66.479599            66.479599    DK.DY2G.01.BHZ          2132.0      300.0
           50.435329            50.435329    GB.DYA..BHZ           292.0        0.0
           65.105499            65.105499    Z7.DYFE..HHZ           710.0        0.0
           64.683601            64.683601    Z7.DYJN..HHZ          1381.0        0.0
           64.637962            64.637962    Z7.DYJS..HHZ          1372.0        0.0
           64.790863            64.790863    Z7.DYN..HHZ          1146.0        0.0
           64.934898            64.934898    Z7.DYSA..HHZ           688.0        0.0
           55.923328            55.923328    GB.EDI..BHZ           125.0        0.0
             54.8312              54.8312    GB.EDMD..BHZ           337.0        0.0
           65.033577            65.033577    Z7.EFJA..HHZ           883.0        0.0
             55.3339              55.3339    IM.EKB..BHZ           308.0        0.0
           55.309299            55.309299    IM.EKB1..BHZ           275.0        0.0
             55.3769              55.3769    IM.EKB10..BHZ           328.0        0.0
           55.316799            55.316799    IM.EKB2..BHZ           314.0        0.0
           55.324902            55.324902    IM.EKB3..BHZ           307.0        0.0
           55.331699            55.331699    IM.EKB4..BHZ           301.0        0.0
           55.339298            55.339298    IM.EKB5..BHZ           313.0        0.0
             55.3466              55.3466    IM.EKB6..BHZ           337.0        0.0
           55.354099            55.354099    IM.EKB7..BHZ           435.0        0.0
           55.361801            55.361801    IM.EKB8..BHZ           401.0        0.0
           55.368999            55.368999    IM.EKB9..BHZ           396.0        0.0
           55.337502            55.337502    IM.EKR1..BHZ           355.0        0.0
           55.310398            55.310398    IM.EKR10..BHZ           382.0        0.0
             55.3344              55.3344    IM.EKR2..BHZ           349.0        0.0
           55.330601            55.330601    IM.EKR3..BHZ           320.0        0.0
             55.3284              55.3284    IM.EKR4..BHZ           337.0        0.0
           55.325401            55.325401    IM.EKR5..BHZ           307.0        0.0
           55.322399            55.322399    IM.EKR6..BHZ           395.0        0.0
           55.319401            55.319401    IM.EKR7..BHZ           348.0        0.0
           55.316299            55.316299    IM.EKR8..BHZ           419.0        0.0
           55.313702            55.313702    IM.EKR9..BHZ           432.0        0.0
             71.4543              71.4543    YM.ELOT..HHZ           342.0        0.0
           51.147598            51.147598    GB.ELSH..BHZ           129.0        0.0
             55.3167              55.3167    II.ESK.00.BHZ           242.0        0.0
           63.874779            63.874779    Z7.FAG..HHZ            27.0        0.0
           65.009453            65.009453    4F.FJAL..BHZ           837.0        0.0
           65.024696            65.024696    4F.FJAS..HHZ           798.0        0.0
           64.856613            64.856613    Z7.FLAE..HHZ           769.0        0.0
           65.182793            65.182793    4F.FLAT..BHZ           728.0        0.0
           64.843536            64.843536    4F.FLUR..BHZ           838.0        0.0
           52.887901            52.887901    GB.FOEL..BHZ           449.0        0.0
           65.351898            65.351898    4F.FREF..BHZ           533.0        0.0
             51.3325              51.3325    UK.FULS..BHZ            50.0        0.0
           64.873528            64.873528    Z7.FYDU..HHZ           774.0        0.0
           54.866329            54.866329    GB.GAL1..BHZ           117.0        0.0
           65.037041            65.037041    Z7.GODA..BHZ          1266.0        0.0
           65.913368            65.913368    YY.GUDF..BHZ           321.0        0.0
           65.108124            65.108124    Z7.HALI..HHZ           536.0        0.0
           65.198753            65.198753    4F.HELI..BHZ           491.0        0.0
           64.045403            64.045403    ZO.HESA..BHZ           503.0        0.0
             65.1287              65.1287    Z7.HETO..HHZ           581.0        0.0
              50.764               50.764    NL.HGN.02.BHZ           135.0        4.0
           50.867298            50.867298    GB.HMNX..BHZ            26.0        0.0
           64.835213            64.835213    Z7.HOLA..HHZ           776.0        0.0
           65.047478            65.047478    4F.HOTT..BHZ           718.0        0.0
           53.958172            53.958172    GB.HPK..BHZ           233.0        0.0
           64.896332            64.896332    4F.HRIM..BHZ           849.0        0.0
           65.155769            65.155769    4F.HRUR..BHZ           697.0        0.0
           77.001877            77.001877    PL.HSPB..HHZ            11.0        0.0
           50.994339            50.994339    GB.HTL..BHZ            86.0        0.0
           65.332169            65.332169    Z7.HVAF..HHZ           531.0        0.0
           65.303726            65.303726    Z7.HVAM..HHZ           583.0        0.0
           65.554092            65.554092    YY.HVAN..BHZ           349.0        0.0
           69.092201            69.092201    DK.ICESG..BHZ          2931.6        0.0
           55.073002            55.073002    EI.IDGL..BHZ           123.0        1.0
           62.359459            62.359459    YB.IF01..HHZ            55.0        0.0
           62.225471            62.225471    YB.IF02..HHZ           236.0        0.0
           62.102718            62.102718    YB.IF03..HHZ            63.0        0.0
           62.278549            62.278549    YB.IF04..HHZ            37.0        0.0
           62.292969            62.292969    YB.IF05..HHZ           160.0        0.0
           62.169319            62.169319    YB.IF06..HHZ           301.0        0.0
           62.019051            62.019051    YB.IF07..HHZ           316.0        0.0
            62.09446             62.09446    YB.IF08..HHZ           247.0        0.0
           61.880779            61.880779    YB.IF09..HHZ           230.0        0.0
           61.793419            61.793419    YB.IF10..HHZ            39.0        0.0
           61.553982            61.553982    YB.IF11..HHZ           324.0        0.0
           61.397881            61.397881    YB.IF12..HHZ           152.0        0.0
           53.419498            53.419498    EI.IGLA..BHZ            31.0        1.0
           64.033951            64.033951    Z7.ILLA..HHZ           663.0        0.0
           54.055199            54.055199    EI.ILTH..BHZ           227.0        0.0
           69.212143            69.212143    DK.ILULI..HHZ            53.5        0.0
            56.42733             56.42733    GB.INVG..HHZ           279.0        0.0
           54.260502            54.260502    GB.IOMK..BHZ           188.0        0.0
           65.547997            65.547997    DK.ISOG..BHZ            12.0        0.0
           61.205808            61.205808     G.IVI.00.BHZ            15.0        0.0
           52.374298            52.374298    EI.IWEX..BHZ           180.0        0.0
             69.1203              69.1203    YF.JIG3..BHZ           307.3        0.0
           70.986603            70.986603    NO.JMIC.00.BHZ           161.0        0.0
           65.077469            65.077469    Z7.JONS..HHZ          1174.0        0.0
           49.187801            49.187801    GB.JSA..BHZ            39.0        0.0
           65.787292            65.787292    YY.K006..HHZ           408.0        0.0
           65.797241            65.797241    YY.K008..HHZ           507.0        0.0
           65.773582            65.773582    YY.K009..BHZ           356.0        0.0
           65.741867            65.741867    YY.K010..BHZ           433.0        0.0
            65.73909             65.73909    YY.K025..HHZ           520.0        0.0
           65.750343            65.750343    YY.K030..BHZ           526.0        0.0
           65.739929            65.739929    YY.K040..HHZ           571.0        0.0
           65.737228            65.737228    YY.K050..HHZ           631.0        0.0
           65.728943            65.728943    YY.K055..HHZ           549.0        0.0
           65.728691            65.728691    YY.K060..HHZ           547.0        0.0
           65.729042            65.729042    YY.K070..HHZ           559.0        0.0
            65.72937             65.72937    YY.K071..HHZ           552.0        0.0
            65.72184             65.72184    YY.K080..HHZ           637.0        0.0
           65.711327            65.711327    YY.K085..HHZ           523.0        0.0
           65.715973            65.715973    YY.K090..HHZ           542.0        0.0
            65.71067             65.71067    YY.K100..BHZ           625.0        0.0
           65.720482            65.720482    YY.K110..HHZ           613.0        0.0
           65.711227            65.711227    YY.K115..HHZ           544.0        0.0
           65.706192            65.706192    YY.K120..HHZ           519.0        0.0
              65.709               65.709    YY.K130..HHZ           544.0        0.0
           65.703941            65.703941    YY.K140..HHZ           622.0        0.0
           65.699806            65.699806    YY.K160..HHZ           556.0        0.0
           65.687553            65.687553    YY.K170..BHZ           530.0        0.0
           65.695488            65.695488    YY.K180..HHZ           421.0        0.0
           65.695053            65.695053    YY.K190..HHZ           393.0        0.0
           65.694351            65.694351    YY.K200..HHZ           474.0        0.0
           65.683273            65.683273    YY.K210..HHZ           500.0        0.0
           65.674583            65.674583    YY.K219..HHZ           463.0        0.0
           65.673302            65.673302    YY.K220..BHZ           461.0        0.0
           65.655167            65.655167    YY.K230..BHZ           387.0        0.0
           65.632088            65.632088    YY.K240..BHZ           356.0        0.0
           65.659149            65.659149    YY.K250..BHZ           378.0        0.0
           63.947609            63.947609    Z7.KALF..HHZ            78.0        0.0
             71.4776              71.4776    YM.KASE..HHZ            90.0        0.0
           64.999008            64.999008    Z7.KATT..HHZ           885.0        0.0
             78.9154              78.9154    IU.KBS.00.BHZ            87.0        3.0
           54.588501            54.588501    GB.KESW..BHZ           282.0        0.0
             69.7565              69.7565    IU.KEV.00.BHZ            85.0       15.0
           65.075287            65.075287    Z7.KLUR..HHZ          1114.0        0.0
           64.290802            64.290802    9D.KNS..BHZ           290.0        0.0
           64.323601            64.323601    9D.KNSN..BHZ           400.0        0.0
           65.363167            65.363167    YY.KODA..BHZ           517.0        0.0
           65.290237            65.290237    4F.KOLL..BHZ           593.0        0.0
             59.6491              59.6491    IU.KONO.00.BHZ          -124.0      340.0
           57.339169            57.339169    GB.KPL..BHZ            13.0        0.0
           64.993317            64.993317    Z7.KREP..HHZ           625.0        0.0
           74.580498            74.580498    DK.KULLO..HHZ            44.0        0.0
           64.763474            64.763474    Z7.KVER..HHZ           829.0        0.0
           65.847122            65.847122    YY.KVIH..HHZ           351.0        0.0
           64.029182            64.029182    Z7.LAUF..HHZ           563.0        0.0
             53.4016              53.4016    GB.LBWR..BHZ           353.0        0.0
           71.441902            71.441902    YM.LEVI..HHZ           173.0        0.0
           64.852783            64.852783    4F.LIND..HHZ           726.0        0.0
           53.457298            53.457298    GB.LMK..BHZ           133.0        0.0
           65.158409            65.158409    Z7.LOGR..HHZ           730.0        0.0
            65.15699             65.15699    4F.LOKA..BHZ           734.0        0.0
            65.13623             65.13623    Z7.LOKT..HHZ           630.0        0.0
           60.136002            60.136002    GB.LRW..BHZ            98.0        0.0
            51.99733             51.99733    GB.MCH1..BHZ           219.0        0.0
             50.6092              50.6092    BE.MEM..HHZ           250.0        0.0
           65.055893            65.055893    Z7.MFLS..HHZ           606.0        0.0
           65.086761            65.086761    4F.MIDF..BHZ           572.0        0.0
           64.984398            64.984398    4F.MOFO..BHZ           702.0        0.0
           56.455002            56.455002    DK.MUD..BHZ            12.0        0.0
           65.013496            65.013496    Z7.MVET..HHZ          1160.0        0.0
           65.155502            65.155502    4F.MYVO..BHZ           639.0        0.0
           66.095078            66.095078    ZR.N1301..BHZ            66.0        0.0
           66.140572            66.140572    ZR.N1302..HHZ           352.0        0.0
           66.042313            66.042313    ZR.N1303..HHZ           570.0        0.0
           66.876053            66.876053    ZR.N1304..HHZ           187.0        0.0
           66.383034            66.383034    ZR.N1305..BHZ            62.0        0.0
           66.741959            66.741959    ZR.N1306..HHZ           435.0        0.0
           67.103157            67.103157    ZR.N1307..HHZ           179.0        0.0
           67.120209            67.120209    ZR.N1308..HHZ           128.0        0.0
           66.471687            66.471687    ZR.N1309..HHZ           477.0        0.0
            66.60733             66.60733    ZR.N1311..HHZ           473.0        0.0
           65.628799            65.628799    ZR.N1312..HHZ           295.0        0.0
           65.688431            65.688431    ZR.N1313..HHZ           404.0        0.0
           65.758141            65.758141    ZR.N1314..HHZ           509.0        0.0
           65.967339            65.967339    ZR.N1315..HHZ           451.0        0.0
           65.206993            65.206993    ZR.N1316..HHZ           563.0        0.0
           64.797462            64.797462    ZR.N1317..HHZ           531.0        0.0
           64.965698            64.965698    ZR.N1318..HHZ           298.0        0.0
           65.162514            65.162514    ZR.N1319..HHZ           414.0        0.0
           65.744041            65.744041    ZR.N1320..HHZ           537.0        0.0
           65.647751            65.647751    ZR.N1321..HHZ           455.0        0.0
           66.000092            66.000092    YY.N66D..HHZ           189.0        0.0
           64.714653            64.714653    Z7.NAIR..HHZ           837.0        0.0
           65.020233            65.020233    Z7.NAUG..HHZ           697.0        0.0
           65.020714            65.020714    Z7.NAUT..HHZ           692.0        0.0
            74.87175             74.87175    XF.NE1.00.BHZ          2843.0        1.8
           73.990723            73.990723    XF.NE2.00.BHZ          2699.0        2.0
           76.394577            76.394577    XF.NE3.00.BHZ          2773.0        2.0
           76.657433            76.657433    XF.NE4.00.BHZ          2371.0        2.0
           74.117332            74.117332    XF.NE5.00.BHZ          2765.0        2.0
           79.326187            79.326187    XF.NE6.00.BHZ          2182.0        2.0
           77.444702            77.444702    DK.NEEM.01.BHZ          2513.0      320.1
           64.923767            64.923767    Z7.NOFL..HHZ           741.0        0.0
           64.933922            64.933922    Z7.NOHR..HHZ           826.0        0.0
           81.604698            81.604698    DK.NOR..BHZ            36.0        0.0
           61.159531            61.159531    DK.NRS..BHZ            80.0        0.0
           71.538383            71.538383    DK.NUUG..HHZ            36.0        0.0
             64.1838              64.1838    DK.NUUK..BHZ           110.0        0.0
           65.042252            65.042252    Z7.OLAF..HHZ          1127.0        0.0
            65.03933             65.03933    4F.OSKV..HHZ          1209.0        0.0
           66.479637            66.479637    YE.PILOT.00.HHZ          2132.0        0.0
           66.143471            66.143471    X5.PNGN..BHZ            32.0        0.0
           50.155156            50.155156    BE.RCHB..HHZ           182.0       43.0
           64.915329            64.915329    Z7.RIFN..HHZ           989.0        0.0
           64.915329            64.915329    Z7.RIFR..HHZ           657.0        0.0
           71.746002            71.746002    YM.RIIS..HHZ            90.0        0.0
           64.901939            64.901939    Z7.RIMA..HHZ           746.0        0.0
            64.74295             64.74295    Z7.RJUP..HHZ           996.0        0.0
            64.98513             64.98513    4F.RODG..BHZ          1022.0        0.0
            63.96291             63.96291    Z7.SAND..HHZ            67.0        0.0
           65.426331            65.426331    YY.SBLA..HHZ           646.0        0.0
           70.485603            70.485603    DK.SCO..BHZ            69.0        0.0
            63.24852             63.24852    XF.SE1.00.BHZ            23.0        0.0
             66.9961              66.9961    IU.SFJD.00.BHZ           330.0        0.0
            51.83482             51.83482    ZM.SITE1..HHZ            54.0        0.0
             54.6926              54.6926    ZM.SITE2..HHZ           560.0        0.0
            54.69368             54.69368    ZM.SITE3..HHZ           554.0        0.0
           64.026093            64.026093    Z7.SKAF..HHZ           259.0        0.0
           65.577919            65.577919    YY.SKOG..BHZ           402.0        0.0
           64.877998            64.877998    Z7.SNAE..HHZ           240.0        0.0
           68.203499            68.203499    DK.SOEG..BHZ           179.0        0.0
           64.978943            64.978943    Z7.SOFA..BHZ          1004.0        0.0
           62.068501            62.068501    GB.SOFL..BHZ           721.0        0.0
           64.941933            64.941933    Z7.SOSU..HHZ           805.0        0.0
           78.177711            78.177711    NO.SPA0.00.BHZ           323.0        0.0
           78.179558            78.179558    NO.SPB1.00.BHZ           301.0        0.0
           78.174217            78.174217    NO.SPB2.00.BHZ           200.0        0.0
           78.173721            78.173721    NO.SPB3.00.BHZ           234.0        0.0
           78.178909            78.178909    NO.SPB4.00.BHZ           340.0        0.0
           78.182312            78.182312    NO.SPB5.00.BHZ           295.0        0.0
           64.941887            64.941887    Z7.SSUD..HHZ           807.0        0.0
             75.6604              75.6604    XW.ST1..HHZ          2685.0        0.0
           75.587997            75.587997    XW.ST2..HHZ          2742.0        0.0
             75.5467              75.5467    XW.ST3..HHZ          2721.0        0.0
           75.651802            75.651802    XW.ST4..HHZ          2696.0        0.0
           75.698402            75.698402    XW.ST7..HHZ          2670.0        0.0
           75.575699            75.575699    XW.ST8..HHZ          2667.0        0.0
            64.99691             64.99691    Z7.STAM..HHZ          1171.0        0.0
              50.737               50.737    UK.STED..BHZ            40.0        0.0
           64.810913            64.810913    Z7.STJA..HHZ           751.0        0.0
           53.091301            53.091301    GB.STNC..BHZ           234.0        0.0
           65.133133            65.133133    Z7.STOR..HHZ           721.0        0.0
           72.576302            72.576302    GE.SUMG..BHZ          3240.0        2.0
           65.117462            65.117462    4F.SVAD..BHZ           680.0        0.0
           64.386597            64.386597    Z7.SVIN..HHZ            40.0        0.0
           51.513168            51.513168    GB.SWN1..BHZ           192.0        0.0
            64.42524             64.42524    Z7.SYLG..HHZ           899.0        0.0
           64.674889            64.674889    Z7.TEIG..HHZ            29.0        0.0
           50.476971            50.476971    UK.TGGS..BHZ            20.0        0.0
            64.91658             64.91658    4F.TOHR..BHZ           715.0        0.0
           65.103363            65.103363    4F.TOLI..HHZ           537.0        0.0
           65.526413            65.526413    YY.TREB..HHZ           450.0        0.0
           76.537399            76.537399    DK.TULEG..BHZ            38.0        0.0
           64.808182            64.808182    Z7.TUNG..HHZ           887.0        0.0
           50.797241            50.797241    BE.UCC..HHZ            -7.0      107.0
           72.782898            72.782898    KP.UPNV..BHZ            38.0        0.0
           64.820328            64.820328    Z7.URDU..HHZ          1002.0        0.0
           65.036049            65.036049    4F.UTYR..BHZ           623.0        0.0
           64.994873            64.994873    4F.VADA..BHZ           673.0        0.0
             51.9394              51.9394    EI.VAL..BHZ            14.0        0.0
            65.38205             65.38205    4F.VEGG..BHZ           507.0        0.0
           65.084457            65.084457    Z7.VIFE..HHZ           696.0        0.0
           66.078117            66.078117    YY.VIKI..BHZ            58.0        0.0
           65.060127            65.060127    Z7.VIKS..HHZ           641.0        0.0
            64.67131             64.67131    4F.VONA..HHZ           949.0        0.0
           64.673149            64.673149    Z7.VONK..HHZ          1011.0        0.0
           64.673576            64.673576    Z7.VONS..HHZ          1026.0        0.0
            66.03643             66.03643    YY.VVAT..HHZ           132.0        0.0
           52.724602            52.724602    GB.WACR..BHZ            66.0        0.0
           69.124496            69.124496    X3.WIND..HHZ           315.9        0.0
           53.289398            53.289398    GB.WLF1..BHZ            66.0        0.0
           47.88                 -10.99                                ALLOD                 -3886.48    3886.48         
           49.85                -12.03                                 BRIAN                -3938.60    3938.60    
           50.9                 -12.9                                  EVE               -2160.90    2160.90     
           51.1                 -10.1                                  TOM               -1369.53    1369.53     
           51.9                 -11.25                                 GILL               -1062.41    1062.41     
           54.47                -13.21                                 GRAIN               -2752.14    2752.14           
           55.42                -11.43                                 QUAKY               -2849.98    2849.98     
           56.01                -9.98                                  LOCH               -2078.71    2078.71     
           57.9                 -11.9                                  HARRY               -1791.88    1791.88           
           58.8                 -14.5                                  CHARL               -1127.03    1127.03           
           61.45                -15.33                                 DUDE               -2375.30    2375.30     
           61.5                 -21.95                                 NAMOR               -1796.84    1796.84           
           59.52                -19.6                                  LUIGI               -2811.26    2811.26           
           58.94                -22.13                                 LIGEA               -2672.95    2672.95           
           56.34                -24.49                                 WILSN               -3061.01    3061.01           
           57.02                -17.49                                 NEMO                -1254.71    1254.71     
           54.13               	 -18.16                                SEBAS                -1311.70    1311.70          
           52.48                -16.87                                 MAUDE               -3808.59    3808.59           