8 # rad. freq/(2*pi*Hz)  abs(gain) (sigma/fc=0.65) 
40  # scale=1, 1/fc= 30.0 s 
0.01 0.02
0.01 0.07
0.01 0.15
0.02 0.27
0.02 0.43
0.02 0.62
0.03 0.83
0.03 0.98
0.04 0.99
0.04 0.87
0.05 0.67
0.06 0.44
0.07 0.26
0.08 0.13
0.09 0.06
0.11 0.02
0.13 0.01
0.15 0.00
0.18 0.00
0.21 0.00
0.24 0.00
0.28 0.00
0.33 0.00
0.39 0.00
0.46 0.00
0.54 0.00
0.63 0.00
0.74 0.00
0.87 0.00
1.01 0.00
1.19 0.00
1.40 0.00
1.64 0.00
1.92 -0.00
2.25 -0.00
2.64 0.00
3.09 -0.00
3.63 0.00
4.26 0.00
4.99 0.00
40  # scale=2, 1/fc= 21.21 s 
0.01 0.00
0.01 0.01
0.01 0.02
0.02 0.05
0.02 0.11
0.02 0.22
0.03 0.39
0.03 0.60
0.04 0.81
0.04 0.96
0.05 1.00
0.06 0.90
0.07 0.70
0.08 0.48
0.09 0.29
0.11 0.15
0.13 0.07
0.15 0.03
0.18 0.01
0.21 0.00
0.24 0.00
0.28 0.00
0.33 0.00
0.39 0.00
0.46 0.00
0.54 0.00
0.63 0.00
0.74 0.00
0.87 0.00
1.01 0.00
1.19 0.00
1.40 0.00
1.64 0.00
1.92 -0.00
2.25 0.00
2.64 0.00
3.09 -0.00
3.63 -0.00
4.26 0.00
4.99 0.00
40  # scale=3, 1/fc= 15.0 s 
0.01 -0.00
0.01 -0.00
0.01 -0.00
0.02 0.00
0.02 0.01
0.02 0.04
0.03 0.09
0.03 0.19
0.04 0.35
0.04 0.56
0.05 0.78
0.06 0.95
0.07 1.00
0.08 0.92
0.09 0.74
0.11 0.52
0.13 0.32
0.15 0.17
0.18 0.08
0.21 0.03
0.24 0.01
0.28 0.00
0.33 0.00
0.39 0.00
0.46 0.00
0.54 0.00
0.63 0.00
0.74 0.00
0.87 0.00
1.01 0.00
1.19 0.00
1.40 0.00
1.64 0.00
1.92 0.00
2.25 0.00
2.64 0.00
3.09 -0.00
3.63 -0.00
4.26 0.00
4.99 -0.00
40  # scale=4, 1/fc= 10.61 s 
0.01 -0.00
0.01 -0.00
0.01 -0.00
0.02 0.00
0.02 0.00
0.02 0.00
0.03 0.01
0.03 0.03
0.04 0.08
0.04 0.17
0.05 0.32
0.06 0.52
0.07 0.74
0.08 0.92
0.09 1.00
0.11 0.94
0.13 0.78
0.15 0.56
0.18 0.35
0.21 0.19
0.24 0.09
0.28 0.04
0.33 0.01
0.39 0.00
0.46 0.00
0.54 0.00
0.63 0.00
0.74 0.00
0.87 0.00
1.01 0.00
1.19 0.00
1.40 0.00
1.64 0.00
1.92 0.00
2.25 0.00
2.64 0.00
3.09 0.00
3.63 0.00
4.26 0.00
4.99 -0.00
40  # scale=5, 1/fc= 7.5 s 
0.01 0.00
0.01 0.00
0.01 0.00
0.02 0.00
0.02 0.00
0.02 0.00
0.03 0.00
0.03 0.00
0.04 0.01
0.04 0.03
0.05 0.07
0.06 0.15
0.07 0.29
0.08 0.48
0.09 0.71
0.11 0.90
0.13 1.00
0.15 0.96
0.18 0.81
0.21 0.60
0.24 0.38
0.28 0.22
0.33 0.11
0.39 0.04
0.46 0.02
0.54 0.01
0.63 0.00
0.74 0.00
0.87 0.00
1.01 0.00
1.19 0.00
1.40 0.00
1.64 0.00
1.92 0.00
2.25 0.00
2.64 0.00
3.09 0.00
3.63 0.00
4.26 0.00
4.99 0.00
40  # scale=6, 1/fc= 5.3 s 
0.01 0.00
0.01 0.00
0.01 0.00
0.02 0.00
0.02 0.00
0.02 0.00
0.03 0.00
0.03 0.00
0.04 0.00
0.04 0.00
0.05 0.01
0.06 0.02
0.07 0.06
0.08 0.13
0.09 0.26
0.11 0.45
0.13 0.67
0.15 0.87
0.18 0.99
0.21 0.98
0.24 0.85
0.28 0.64
0.33 0.42
0.39 0.24
0.46 0.12
0.54 0.05
0.63 0.02
0.74 0.01
0.87 0.00
1.01 0.00
1.19 0.00
1.40 0.00
1.64 0.00
1.92 0.00
2.25 0.00
2.64 0.00
3.09 0.00
3.63 0.00
4.26 0.00
4.99 0.00
40  # scale=7, 1/fc= 3.75 s 
0.01 -0.00
0.01 0.00
0.01 0.00
0.02 0.00
0.02 0.00
0.02 0.00
0.03 0.00
0.03 0.00
0.04 0.00
0.04 0.00
0.05 0.00
0.06 0.00
0.07 0.01
0.08 0.02
0.09 0.05
0.11 0.12
0.13 0.23
0.15 0.41
0.18 0.63
0.21 0.84
0.24 0.97
0.28 0.99
0.33 0.88
0.39 0.68
0.46 0.46
0.54 0.27
0.63 0.14
0.74 0.06
0.87 0.02
1.01 0.01
1.19 0.00
1.40 0.00
1.64 0.00
1.92 0.00
2.25 0.00
2.64 0.00
3.09 0.00
3.63 0.00
4.26 0.00
4.99 0.00
40  # scale=8, 1/fc= 2.65 s 
0.01 -0.00
0.01 -0.00
0.01 -0.00
0.02 -0.00
0.02 -0.00
0.02 0.00
0.03 0.00
0.03 0.00
0.04 0.00
0.04 0.00
0.05 0.00
0.06 0.00
0.07 0.00
0.08 0.00
0.09 0.01
0.11 0.02
0.13 0.04
0.15 0.10
0.18 0.21
0.21 0.38
0.24 0.59
0.28 0.80
0.33 0.96
0.39 1.00
0.46 0.90
0.54 0.72
0.63 0.49
0.74 0.30
0.87 0.16
1.01 0.07
1.19 0.03
1.40 0.01
1.64 0.00
1.92 0.00
2.25 0.00
2.64 0.00
3.09 0.00
3.63 0.00
4.26 0.00
4.99 0.00
